timestamp,ranks,tokens(ATOM),commissions(%)
2023-04-14 00:00:00,146,170091.826251,5
2023-04-13 12:00:00,146,170091.543829,5
2023-04-13 00:00:00,146,170090.73397,5
2023-04-12 12:00:00,145,169950.718113,5
2023-04-12 00:00:00,145,169949.99769,5
2023-04-11 12:00:00,145,169949.874078,5
2023-04-11 08:00:00,145,169899.129908,5
2023-04-11 07:00:00,145,169899.129908,5
2023-04-11 06:00:00,145,169899.129908,5
2023-04-11 05:00:00,145,169898.978901,5
2023-04-11 04:00:00,145,169898.978901,5
2023-04-11 03:00:00,145,169898.978901,5
2023-04-11 02:00:00,145,169898.978901,5
2023-04-11 01:00:00,145,169898.978901,5
2023-04-11 00:00:00,145,169898.978901,5
2023-04-10 23:00:00,146,169898.978901,5
2023-04-10 22:00:00,146,169898.978901,5
2023-04-10 21:00:00,146,169898.967245,5
2023-04-10 20:00:00,146,169898.689711,5
2023-04-10 19:00:00,146,169898.689711,5
2023-04-10 18:00:00,146,169898.689711,5
2023-04-10 17:00:00,146,169898.689711,5
2023-04-10 16:00:00,146,169873.689656,5
2023-04-10 15:00:00,146,169873.689105,5
2023-04-10 14:00:00,146,169873.689105,5
2023-04-10 13:00:00,145,169873.680782,5
2023-04-10 12:00:00,145,169873.680782,5
2023-04-10 11:00:00,145,169873.680782,5
2023-04-10 10:00:00,145,169873.680782,5
2023-04-10 09:00:00,145,169873.680782,5
2023-04-10 08:00:00,145,169873.678007,5
2023-04-10 07:00:00,145,169873.675528,5
2023-04-10 06:00:00,145,169873.675528,5
2023-04-10 05:00:00,145,169873.675528,5
2023-04-10 04:00:00,145,169873.675528,5
2023-04-10 03:00:00,145,169873.675528,5
2023-04-10 02:00:00,146,169823.575528,5
2023-04-10 01:00:00,146,169823.575528,5
2023-04-10 00:00:00,146,169823.575528,5
2023-04-09 23:00:00,146,169823.575528,5
2023-04-09 22:00:00,146,169823.561652,5
2023-04-09 21:00:00,146,169822.761216,5
2023-04-09 20:00:00,146,169822.761216,5
2023-04-09 19:00:00,146,169822.749847,5
2023-04-09 18:00:00,146,169822.733196,5
2023-04-09 17:00:00,146,169822.733196,5
2023-04-09 16:00:00,146,169822.733196,5
2023-04-09 15:00:00,146,169819.533086,5
2023-04-09 14:00:00,146,169819.533081,5
2023-04-09 13:00:00,146,169819.533081,5
2023-04-09 12:00:00,146,169819.533081,5
2023-04-09 11:00:00,146,169819.508515,5
2023-04-09 10:00:00,146,169819.483125,5
2023-04-09 09:00:00,146,169819.480925,5
2023-04-09 08:00:00,146,169819.480925,5
2023-04-09 07:00:00,146,169819.477113,5
2023-04-09 06:00:00,145,169819.477113,5
2023-04-09 05:00:00,145,169819.464689,5
2023-04-09 04:00:00,145,169819.408886,5
2023-04-09 03:00:00,145,169799.408886,5
2023-04-09 02:00:00,145,169799.397726,5
2023-04-09 01:00:00,146,169805.097726,5
2023-04-09 00:00:00,145,169805.097726,5
2023-04-08 23:00:00,146,169805.094936,5
2023-04-08 22:00:00,146,169805.094936,5
2023-04-08 21:00:00,146,169805.085428,5
2023-04-08 20:00:00,146,169805.085428,5
2023-04-08 19:00:00,146,169805.051901,5
2023-04-08 18:00:00,146,169805.051555,5
2023-04-08 17:00:00,146,169805.045975,5
2023-04-08 16:00:00,146,169804.972809,5
2023-04-08 15:00:00,146,169804.58779,5
2023-04-08 14:00:00,146,169804.58779,5
2023-04-08 13:00:00,145,169803.750881,5
2023-04-08 12:00:00,145,169803.745302,5
2023-04-08 11:00:00,145,169803.728564,5
2023-04-08 10:00:00,145,169803.724421,5
2023-04-08 09:00:00,145,169803.724421,5
2023-04-08 08:00:00,145,169803.574215,5
2023-04-08 07:00:00,145,169803.214515,5
2023-04-08 06:00:00,145,169803.192191,5
2023-04-08 05:00:00,145,169803.152631,5
2023-04-08 04:00:00,145,169803.152631,5
2023-04-08 03:00:00,145,169803.152631,5
2023-04-08 02:00:00,146,169765.219141,5
2023-04-08 01:00:00,146,169765.219141,5
2023-04-08 00:00:00,145,169765.219141,5
2023-04-07 23:00:00,145,169765.219141,5
2023-04-07 22:00:00,144,169765.047763,5
2023-04-07 21:00:00,144,169765.047763,5
2023-04-07 20:00:00,144,169765.047763,5
2023-04-07 19:00:00,144,169765.047763,5
2023-04-07 18:00:00,144,169765.047763,5
2023-04-07 17:00:00,144,169765.047763,5
2023-04-07 16:00:00,143,169765.047763,5
2023-04-07 15:00:00,143,169765.047763,5
2023-04-07 14:00:00,143,169765.047763,5
2023-04-07 13:00:00,144,169765.047763,5
2023-04-07 12:00:00,144,169765.047763,5
2023-04-07 11:00:00,144,169765.047763,5
2023-04-07 10:00:00,143,169765.047763,5
2023-04-07 09:00:00,143,169765.047763,5
2023-04-07 08:00:00,143,169765.047763,5
2023-04-07 07:00:00,143,169765.047763,5
2023-04-07 06:00:00,143,169765.047763,5
2023-04-07 05:00:00,143,169765.047763,5
2023-04-07 04:00:00,143,169765.047763,5
2023-04-07 03:00:00,143,169765.047763,5
2023-04-07 02:00:00,143,169765.047763,5
2023-04-07 01:00:00,143,169765.047763,5
2023-04-07 00:00:00,143,169765.047763,5
2023-04-06 23:00:00,143,169765.047763,5
2023-04-06 22:00:00,144,169765.042186,5
2023-04-06 21:00:00,144,169764.473269,5
2023-04-06 20:00:00,144,169764.292953,5
2023-04-06 19:00:00,144,169764.292953,5
2023-04-06 18:00:00,137,169764.292953,5
2023-04-06 17:00:00,137,169763.356934,5
2023-04-06 16:00:00,138,169763.144588,5
2023-04-06 15:00:00,138,169763.116386,5
2023-04-06 14:00:00,138,169763.116386,5
2023-04-06 13:00:00,137,169763.116386,5
2023-04-06 12:00:00,137,169763.116386,5
2023-04-06 11:00:00,137,169763.116386,5
2023-04-06 10:00:00,137,169763.110596,5
2023-04-06 09:00:00,137,169763.094124,5
2023-04-06 08:00:00,137,169763.081716,5
2023-04-06 07:00:00,137,169763.081716,5
2023-04-06 06:00:00,137,169762.940706,5
2023-04-06 05:00:00,137,169762.857923,5
2023-04-06 04:00:00,137,169762.857923,5
2023-04-06 03:00:00,137,169762.857923,5
2023-04-06 02:00:00,137,169762.857923,5
2023-04-06 01:00:00,137,169762.857923,5
2023-04-06 00:00:00,137,169762.857923,5
2023-04-05 23:00:00,137,169762.857923,5
2023-04-05 22:00:00,137,169762.857923,5
2023-04-05 21:00:00,137,169762.857923,5
2023-04-05 20:00:00,137,169762.857923,5
2023-04-05 19:00:00,137,169762.857923,5
2023-04-05 18:00:00,137,169762.857923,5
2023-04-05 17:00:00,137,169762.857923,5
2023-04-05 16:00:00,137,169762.857923,5
2023-04-05 15:00:00,137,169762.857923,5
2023-04-05 14:00:00,137,169762.857923,5
2023-04-05 13:00:00,137,169762.857923,5
2023-04-05 12:00:00,137,169762.841934,5
2023-04-05 11:00:00,137,169762.704782,5
2023-04-05 10:00:00,137,169762.704782,5
2023-04-05 09:00:00,137,169762.704782,5
2023-04-05 08:00:00,137,169762.704782,5
2023-04-05 07:00:00,137,169762.704782,5
2023-04-05 06:00:00,136,169762.704782,5
2023-04-05 05:00:00,136,169762.704782,5
2023-04-05 04:00:00,136,169762.704782,5
2023-04-05 03:00:00,136,169762.704782,5
2023-04-05 02:00:00,135,169762.704782,5
2023-04-05 01:00:00,135,169762.704782,5
2023-04-05 00:00:00,135,169762.704782,5
2023-04-04 23:00:00,135,169762.704782,5
2023-04-04 22:00:00,135,169762.704782,5
2023-04-04 21:00:00,135,169762.704782,5
2023-04-04 20:00:00,135,169762.704782,5
2023-04-04 19:00:00,135,169762.704782,5
2023-04-04 18:00:00,135,169762.704782,5
2023-04-04 17:00:00,131,169762.704782,5
2023-04-04 16:00:00,150,129331.670932,5
2023-04-04 15:00:00,150,129331.670932,5
2023-04-04 14:00:00,150,129331.658345,5
2023-04-04 13:00:00,150,129331.658345,5
2023-04-04 12:00:00,150,129331.646498,5
2023-04-04 11:00:00,150,129331.645041,5
2023-04-04 10:00:00,150,129331.608485,5
2023-04-04 09:00:00,150,129331.571082,5
2023-04-04 08:00:00,150,129331.427478,5
2023-04-04 07:00:00,150,129331.427478,5
2023-04-04 06:00:00,150,129331.370744,5
2023-04-04 05:00:00,150,129331.317894,5
2023-04-04 04:00:00,151,129331.317894,5
2023-04-04 03:00:00,151,129331.317894,5
2023-04-04 02:00:00,151,129331.293556,5
2023-04-04 01:00:00,151,129331.293556,5
2023-04-04 00:00:00,151,129331.086137,5
2023-04-03 23:00:00,151,129331.086137,5
2023-04-03 22:00:00,151,129331.029726,5
2023-04-03 21:00:00,150,129331.029726,5
2023-04-03 20:00:00,150,129331.006896,5
2023-04-03 19:00:00,147,129331.006896,5
2023-04-03 18:00:00,146,129331.006896,5
2023-04-03 17:00:00,146,129331.006896,5
2023-04-03 16:00:00,146,129330.985045,5
2023-04-03 15:00:00,146,129330.441695,5
2023-04-03 14:00:00,146,129330.331234,5
2023-04-03 13:00:00,146,129330.241844,5
2023-04-03 12:00:00,146,129329.760723,5
2023-04-03 11:00:00,146,129329.755016,5
2023-04-03 10:00:00,146,129329.378353,5
2023-04-03 09:00:00,146,129329.349818,5
2023-04-03 08:00:00,146,129329.349818,5
2023-04-03 07:00:00,146,129329.338404,5
2023-04-03 06:00:00,146,129329.338404,5
2023-04-03 05:00:00,146,129329.300847,5
2023-04-03 04:00:00,146,129329.214491,5
2023-04-03 03:00:00,146,129329.187548,5
2023-04-03 02:00:00,146,129329.187548,5
2023-04-03 01:00:00,146,129329.168059,5
2023-04-03 00:00:00,146,129329.145502,5
2023-04-02 23:00:00,146,129329.145502,5
2023-04-02 22:00:00,146,129329.09414,5
2023-04-02 21:00:00,146,129329.081597,5
2023-04-02 20:00:00,146,129328.99898,5
2023-04-02 19:00:00,146,129328.511059,5
2023-04-02 18:00:00,146,129328.506379,5
2023-04-02 17:00:00,146,129328.350742,5
2023-04-02 16:00:00,146,129328.23825,5
2023-04-02 15:00:00,146,129328.23825,5
2023-04-02 14:00:00,146,129328.221131,5
2023-04-02 13:00:00,146,129328.220663,5
2023-04-02 12:00:00,146,129328.220663,5
2023-04-02 11:00:00,146,129328.218724,5
2023-04-02 10:00:00,146,129328.218724,5
2023-04-02 09:00:00,146,129328.210586,5
2023-04-02 08:00:00,146,129327.704302,5
2023-04-02 07:00:00,146,129327.666143,5
2023-04-02 06:00:00,146,129327.666143,5
2023-04-02 05:00:00,146,129327.663544,5
2023-04-02 04:00:00,146,129327.649279,5
2023-04-02 03:00:00,146,129327.50925,5
2023-04-02 02:00:00,146,129327.504686,5
2023-04-02 01:00:00,146,129327.499266,5
2023-04-02 00:00:00,146,129327.499266,5
2023-04-01 23:00:00,146,129327.317528,5
2023-04-01 22:00:00,146,129327.200554,5
2023-04-01 21:00:00,146,129327.169067,5
2023-04-01 20:00:00,146,129327.169067,5
2023-04-01 19:00:00,146,129327.144817,5
2023-04-01 18:00:00,146,129327.084923,5
2023-04-01 17:00:00,146,129327.084923,5
2023-04-01 16:00:00,146,129326.89948,5
2023-04-01 15:00:00,146,129326.892676,5
2023-04-01 14:00:00,146,129326.334454,5
2023-04-01 13:00:00,146,129326.334454,5
2023-04-01 12:00:00,146,129326.322474,5
2023-04-01 11:00:00,146,129326.306767,5
2023-04-01 10:00:00,146,129326.134043,5
2023-04-01 09:00:00,146,129326.116927,5
2023-04-01 08:00:00,146,129326.107849,5
2023-04-01 07:00:00,146,129326.107849,5
2023-04-01 06:00:00,145,129326.090163,5
2023-04-01 05:00:00,145,129326.087311,5
2023-04-01 04:00:00,145,129326.085228,5
2023-04-01 03:00:00,145,129326.058051,5
2023-04-01 02:00:00,145,129325.941819,5
2023-04-01 01:00:00,145,129325.929649,5
2023-04-01 00:00:00,145,129325.532273,5
2023-03-31 23:00:00,145,129325.532273,5
2023-03-31 22:00:00,145,129325.321179,5
2023-03-31 21:00:00,145,129325.186654,5
2023-03-31 20:00:00,145,129324.840501,5
2023-03-31 19:00:00,145,129324.602602,5
2023-03-31 18:00:00,145,129324.567743,5
2023-03-31 17:00:00,145,129323.830657,5
2023-03-31 16:00:00,145,129323.762774,5
2023-03-31 15:00:00,145,129323.714287,5
2023-03-31 14:00:00,145,129323.63846,5
2023-03-31 13:00:00,145,129323.629039,5
2023-03-31 12:00:00,145,129323.533621,5
2023-03-31 11:00:00,145,129323.247611,5
2023-03-31 10:00:00,145,129323.209394,5
2023-03-31 09:00:00,145,129323.036769,5
2023-03-31 08:00:00,145,129322.976875,5
2023-03-31 07:00:00,150,125192.592424,5
2023-03-31 06:00:00,150,125186.59389,5
2023-03-31 05:00:00,150,125186.425789,5
2023-03-31 04:00:00,150,125186.425789,5
2023-03-31 03:00:00,150,125186.411396,5
2023-03-31 02:00:00,150,125186.402836,5
2023-03-31 01:00:00,150,125186.37319,5
2023-03-31 00:00:00,150,125186.361788,5
2023-03-30 23:00:00,150,125186.361788,5
2023-03-30 22:00:00,150,125186.308528,5
2023-03-30 21:00:00,150,125186.239282,5
2023-03-30 20:00:00,149,125186.208497,5
2023-03-30 19:00:00,149,125186.171835,5
2023-03-30 18:00:00,149,125186.135099,5
2023-03-30 17:00:00,149,125177.538352,5
2023-03-30 16:00:00,149,125177.504709,5
2023-03-30 15:00:00,149,125177.49573,5
2023-03-30 14:00:00,149,125177.49573,5
2023-03-30 13:00:00,148,125177.245856,5
2023-03-30 12:00:00,148,125177.245856,5
2023-03-30 11:00:00,148,125177.224969,5
2023-03-30 10:00:00,148,125177.218015,5
2023-03-30 09:00:00,148,125177.201198,5
2023-03-30 08:00:00,148,125177.201198,5
2023-03-30 07:00:00,148,125177.039323,5
2023-03-30 06:00:00,148,125176.921552,5
2023-03-30 05:00:00,148,125176.921552,5
2023-03-30 04:00:00,148,125176.914553,5
2023-03-30 03:00:00,148,125176.904279,5
2023-03-30 02:00:00,148,125176.635427,5
2023-03-30 01:00:00,148,125176.635427,5
2023-03-30 00:00:00,148,125176.570457,5
2023-03-29 23:00:00,148,125176.570457,5
2023-03-29 22:00:00,148,125176.545654,5
2023-03-29 21:00:00,148,125176.483616,5
2023-03-29 20:00:00,148,125176.453975,5
2023-03-29 19:00:00,148,125176.104435,5
2023-03-29 18:00:00,148,125176.063423,5
2023-03-29 17:00:00,148,125175.612912,5
2023-03-29 16:00:00,148,125175.487204,5
2023-03-29 15:00:00,148,125174.36604,5
2023-03-29 14:00:00,148,125174.343242,5
2023-03-29 13:00:00,148,125173.71061,5
2023-03-29 12:00:00,148,125171.409862,5
2023-03-29 11:00:00,148,125171.409862,5
2023-03-29 10:00:00,148,125168.997016,5
2023-03-29 09:00:00,148,125168.997016,5
2023-03-29 08:00:00,148,125168.980724,5
2023-03-29 07:00:00,148,125168.965855,5
2023-03-29 06:00:00,148,125168.965855,5
2023-03-29 05:00:00,148,125127.780206,5
2023-03-29 04:00:00,148,125127.563717,5
2023-03-29 03:00:00,148,125127.55802,5
2023-03-29 02:00:00,148,125127.516942,5
2023-03-29 01:00:00,148,125127.512887,5
2023-03-29 00:00:00,148,125127.504776,5
2023-03-28 23:00:00,148,125127.499079,5
2023-03-28 22:00:00,148,125127.499079,5
2023-03-28 21:00:00,148,125127.493382,5
2023-03-28 20:00:00,148,125126.975896,5
2023-03-28 19:00:00,148,125126.975896,5
2023-03-28 18:00:00,148,125124.139542,5
2023-03-28 17:00:00,148,125123.07009,5
2023-03-28 16:00:00,148,125123.001751,5
2023-03-28 15:00:00,148,125122.982089,5
2023-03-28 14:00:00,147,125122.920072,5
2023-03-28 13:00:00,147,125122.915801,5
2023-03-28 12:00:00,147,125122.906639,5
2023-03-28 11:00:00,147,125122.906639,5
2023-03-28 10:00:00,147,125122.809275,5
2023-03-28 09:00:00,147,125122.792666,5
2023-03-28 08:00:00,147,125122.561197,5
2023-03-28 07:00:00,147,125122.561197,5
2023-03-28 06:00:00,147,125122.558886,5
2023-03-28 05:00:00,147,125122.558886,5
2023-03-28 04:00:00,147,125122.556023,5
2023-03-28 03:00:00,147,125122.520213,5
2023-03-28 02:00:00,147,125122.520213,5
2023-03-28 01:00:00,147,125122.463833,5
2023-03-28 00:00:00,147,125122.463833,5
2023-03-27 23:00:00,147,125122.419326,5
2023-03-27 22:00:00,147,125122.415049,5
2023-03-27 21:00:00,147,125122.405429,5
2023-03-27 20:00:00,147,125122.385031,5
2023-03-27 19:00:00,147,125122.385031,5
2023-03-27 18:00:00,147,125122.385031,5
2023-03-27 17:00:00,147,125122.267971,5
2023-03-27 16:00:00,147,125122.2296,5
2023-03-27 15:00:00,147,125122.2296,5
2023-03-27 14:00:00,147,125122.221297,5
2023-03-27 13:00:00,147,125122.211277,5
2023-03-27 12:00:00,148,125122.118756,5
2023-03-27 11:00:00,148,125122.104728,5
2023-03-27 10:00:00,148,125122.096712,5
2023-03-27 09:00:00,148,125122.046029,5
2023-03-27 08:00:00,148,125121.925477,5
2023-03-27 07:00:00,148,125121.900048,5
2023-03-27 06:00:00,148,125121.820589,5
2023-03-27 05:00:00,148,125121.682141,5
2023-03-27 04:00:00,148,125121.682141,5
2023-03-27 03:00:00,148,125121.682141,5
2023-03-27 02:00:00,148,125121.580124,5
2023-03-27 01:00:00,148,125121.567517,5
2023-03-27 00:00:00,148,125121.499669,5
2023-03-26 23:00:00,148,125121.485353,5
2023-03-26 22:00:00,148,125121.445266,5
2023-03-26 21:00:00,148,125121.410906,5
2023-03-26 20:00:00,148,125121.398824,5
2023-03-26 19:00:00,148,125121.398824,5
2023-03-26 18:00:00,148,125121.215186,5
2023-03-26 17:00:00,148,125121.042796,5
2023-03-26 16:00:00,148,125121.029109,5
2023-03-26 15:00:00,148,125121.025101,5
2023-03-26 14:00:00,148,125121.025101,5
2023-03-26 13:00:00,148,125120.910567,5
2023-03-26 12:00:00,148,125120.909807,5
2023-03-26 11:00:00,148,125120.818181,5
2023-03-26 10:00:00,148,125120.738388,5
2023-03-26 09:00:00,148,125120.215329,5
2023-03-26 08:00:00,148,125120.089922,5
2023-03-26 07:00:00,148,125120.089922,5
2023-03-26 06:00:00,148,125120.089922,5
2023-03-26 05:00:00,148,125120.089275,5
2023-03-26 04:00:00,148,125120.089275,5
2023-03-26 03:00:00,148,125120.089275,5
2023-03-26 02:00:00,148,125120.089275,5
2023-03-26 01:00:00,148,125120.089275,5
2023-03-26 00:00:00,148,125120.08651,5
2023-03-25 23:00:00,148,125120.08651,5
2023-03-25 22:00:00,148,125120.083919,5
2023-03-25 21:00:00,148,125120.083919,5
2023-03-25 20:00:00,148,125120.083805,5
2023-03-25 19:00:00,148,125120.083805,5
2023-03-25 18:00:00,148,125120.081402,5
2023-03-25 17:00:00,148,125119.317036,5
2023-03-25 16:00:00,148,125119.315886,5
2023-03-25 15:00:00,148,125119.256834,5
2023-03-25 14:00:00,147,125119.256834,5
2023-03-25 13:00:00,147,125119.256834,5
2023-03-25 12:00:00,147,125119.245317,5
2023-03-25 11:00:00,147,125119.225162,5
2023-03-25 10:00:00,147,125119.189475,5
2023-03-25 09:00:00,147,125119.181989,5
2023-03-25 08:00:00,147,125117.104271,5
2023-03-25 07:00:00,147,125117.095196,5
2023-03-25 06:00:00,147,125117.095196,5
2023-03-25 05:00:00,147,125117.038767,5
2023-03-25 04:00:00,147,125117.03681,5
2023-03-25 03:00:00,147,125117.03681,5
2023-03-25 02:00:00,147,125117.03681,5
2023-03-25 01:00:00,147,125117.03681,5
2023-03-25 00:00:00,147,125117.02587,5
2023-03-24 23:00:00,147,125116.672337,5
2023-03-24 22:00:00,147,125116.659372,5
2023-03-24 21:00:00,147,125116.659372,5
2023-03-24 20:00:00,147,125116.659372,5
2023-03-24 19:00:00,147,125116.537531,5
2023-03-24 18:00:00,148,125116.09542,5
2023-03-24 17:00:00,148,125116.09542,5
2023-03-24 16:00:00,148,125116.005043,5
2023-03-24 15:00:00,148,125115.837897,5
2023-03-24 14:00:00,148,125115.826383,5
2023-03-24 13:00:00,148,125115.770372,5
2023-03-24 12:00:00,148,125115.470032,5
2023-03-24 11:00:00,148,125115.463318,5
2023-03-24 10:00:00,148,125115.450112,5
2023-03-24 09:00:00,148,125115.426623,5
2023-03-24 08:00:00,148,125115.426623,5
2023-03-24 07:00:00,148,125115.281759,5
2023-03-24 06:00:00,148,125115.224637,5
2023-03-24 05:00:00,148,125115.19754,5
2023-03-24 04:00:00,148,125114.667846,5
2023-03-24 03:00:00,148,125107.641181,5
2023-03-24 02:00:00,148,125107.582188,5
2023-03-24 01:00:00,148,125107.536129,5
2023-03-24 00:00:00,148,125107.536129,5
2023-03-23 23:00:00,148,125107.536129,5
2023-03-23 22:00:00,148,125107.536129,5
2023-03-23 21:00:00,148,125107.495003,5
2023-03-23 20:00:00,148,125107.471974,5
2023-03-23 19:00:00,148,125107.456432,5
2023-03-23 18:00:00,148,125107.173393,5
2023-03-23 17:00:00,148,125107.168731,5
2023-03-23 16:00:00,148,125107.140669,5
2023-03-23 15:00:00,148,125107.114186,5
2023-03-23 14:00:00,148,125107.11366,5
2023-03-23 13:00:00,148,125107.056087,5
2023-03-23 12:00:00,148,125098.424216,5
2023-03-23 11:00:00,148,125098.401198,5
2023-03-23 10:00:00,148,125098.401198,5
2023-03-23 09:00:00,148,125098.09543,5
2023-03-23 08:00:00,148,125098.09543,5
2023-03-23 07:00:00,148,125098.034434,5
2023-03-23 06:00:00,148,125098.034434,5
2023-03-23 05:00:00,148,125098.034434,5
2023-03-23 04:00:00,148,125098.028688,5
2023-03-23 03:00:00,148,125098.025236,5
2023-03-23 02:00:00,148,125098.025236,5
2023-03-23 01:00:00,148,125098.025236,5
2023-03-23 00:00:00,148,125098.025236,5
2023-03-22 23:00:00,148,125097.976611,5
2023-03-22 22:00:00,148,125097.976611,5
2023-03-22 21:00:00,148,125097.965103,5
2023-03-22 20:00:00,148,125097.964902,5
2023-03-22 19:00:00,148,125097.93672,5
2023-03-22 18:00:00,148,125097.75212,5
2023-03-22 17:00:00,148,125097.050802,5
2023-03-22 16:00:00,148,125097.027575,5
2023-03-22 15:00:00,148,125096.331225,5
2023-03-22 14:00:00,148,125088.404894,5
2023-03-22 13:00:00,148,125088.404894,5
2023-03-22 12:00:00,148,125088.309167,5
2023-03-22 11:00:00,148,125085.007218,5
2023-03-22 10:00:00,148,125085.001466,5
2023-03-22 09:00:00,148,125084.984299,5
2023-03-22 08:00:00,148,125084.984299,5
2023-03-22 07:00:00,148,125034.984299,5
2023-03-22 06:00:00,148,125034.978547,5
2023-03-22 05:00:00,148,125034.96698,5
2023-03-22 04:00:00,148,125034.96698,5
2023-03-22 03:00:00,148,125034.96698,5
2023-03-22 02:00:00,148,125034.915152,5
2023-03-22 01:00:00,148,125034.335598,5
2023-03-22 00:00:00,148,125034.334447,5
2023-03-21 23:00:00,148,125034.334447,5
2023-03-21 22:00:00,148,125034.291258,5
2023-03-21 21:00:00,148,125034.227339,5
2023-03-21 20:00:00,148,125034.164572,5
2023-03-21 19:00:00,148,125034.159486,5
2023-03-21 18:00:00,148,125033.360244,5
2023-03-21 17:00:00,148,125033.219421,5
2023-03-21 16:00:00,148,125033.219421,5
2023-03-21 15:00:00,148,125033.196389,5
2023-03-21 14:00:00,148,125033.072026,5
2023-03-21 13:00:00,148,125033.066268,5
2023-03-21 12:00:00,148,125033.040226,5
2023-03-21 11:00:00,148,125032.83894,5
2023-03-21 10:00:00,148,125032.838794,5
2023-03-21 09:00:00,148,125032.807963,5
2023-03-21 08:00:00,148,125032.775882,5
2023-03-21 07:00:00,148,125032.683756,5
2023-03-21 06:00:00,148,125032.443882,5
2023-03-21 05:00:00,148,125032.374788,5
2023-03-21 04:00:00,148,125031.787507,5
2023-03-21 03:00:00,148,125031.787507,5
2023-03-21 02:00:00,148,125031.211762,5
2023-03-21 01:00:00,148,125030.808751,5
2023-03-21 00:00:00,148,125030.792244,5
2023-03-20 23:00:00,148,125030.792244,5
2023-03-20 22:00:00,148,125030.705885,5
2023-03-20 21:00:00,148,125030.70531,5
2023-03-20 20:00:00,148,125030.696942,5
2023-03-20 19:00:00,148,125030.696942,5
2023-03-20 18:00:00,148,125030.554106,5
2023-03-20 17:00:00,148,125030.461992,5
2023-03-20 16:00:00,148,125030.459114,5
2023-03-20 15:00:00,148,125030.4073,5
2023-03-20 14:00:00,148,125030.405297,5
2023-03-20 13:00:00,148,125030.375937,5
2023-03-20 12:00:00,148,125030.050437,5
2023-03-20 11:00:00,148,125030.050437,5
2023-03-20 10:00:00,148,125030.036397,5
2023-03-20 09:00:00,148,125029.946322,5
2023-03-20 08:00:00,148,125029.919183,5
2023-03-20 07:00:00,148,125029.884842,5
2023-03-20 06:00:00,148,125029.882483,5
2023-03-20 05:00:00,148,125070.916009,5
2023-03-20 04:00:00,148,125070.741875,5
2023-03-20 03:00:00,148,125070.741875,5
2023-03-20 02:00:00,148,125070.657634,5
2023-03-20 01:00:00,148,125070.657634,5
2023-03-20 00:00:00,148,125070.657634,5
2023-03-19 23:00:00,148,125070.642427,5
2023-03-19 22:00:00,148,125070.532739,5
2023-03-19 21:00:00,148,125070.475171,5
2023-03-19 20:00:00,148,125070.426238,5
2023-03-19 19:00:00,148,125070.416051,5
2023-03-19 18:00:00,148,125070.398782,5
2023-03-19 17:00:00,148,125069.620362,5
2023-03-19 16:00:00,148,125069.619058,5
2023-03-19 15:00:00,148,125067.383875,5
2023-03-19 14:00:00,148,125066.226534,5
2023-03-19 13:00:00,148,125066.071144,5
2023-03-19 12:00:00,147,125066.065389,5
2023-03-19 11:00:00,147,125066.064239,5
2023-03-19 10:00:00,147,125065.994885,5
2023-03-19 09:00:00,147,125065.986253,5
2023-03-19 08:00:00,147,125065.978814,5
2023-03-19 07:00:00,147,125065.978054,5
2023-03-19 06:00:00,147,125065.978054,5
2023-03-19 05:00:00,147,125065.859072,5
2023-03-19 04:00:00,147,125065.855619,5
2023-03-19 03:00:00,147,125065.855619,5
2023-03-19 02:00:00,147,125065.855619,5
2023-03-19 01:00:00,147,125065.849864,5
2023-03-19 00:00:00,147,125065.849864,5
2023-03-18 23:00:00,147,125065.792314,5
2023-03-18 22:00:00,147,125065.792314,5
2023-03-18 21:00:00,147,125065.704262,5
2023-03-18 20:00:00,147,125065.594917,5
2023-03-18 19:00:00,147,125065.181532,5
2023-03-18 18:00:00,147,125064.801851,5
2023-03-18 17:00:00,147,125064.801851,5
2023-03-18 16:00:00,147,125064.547314,5
2023-03-18 15:00:00,147,125064.430784,5
2023-03-18 14:00:00,147,125064.416399,5
2023-03-18 13:00:00,147,125063.900153,5
2023-03-18 12:00:00,147,125063.726373,5
2023-03-18 11:00:00,147,125063.71785,5
2023-03-18 10:00:00,147,125063.584522,5
2023-03-18 09:00:00,147,125063.571863,5
2023-03-18 08:00:00,147,125063.571863,5
2023-03-18 07:00:00,147,125063.422253,5
2023-03-18 06:00:00,147,125063.377428,5
2023-03-18 05:00:00,147,125063.319886,5
2023-03-18 04:00:00,147,125063.319886,5
2023-03-18 03:00:00,147,125063.311255,5
2023-03-18 02:00:00,147,125063.311255,5
2023-03-18 01:00:00,147,125062.30554,5
2023-03-18 00:00:00,147,125062.299211,5
2023-03-17 23:00:00,147,125062.293457,5
2023-03-17 22:00:00,147,125062.197301,5
2023-03-17 21:00:00,147,125062.195219,5
2023-03-17 20:00:00,147,125062.015404,5
2023-03-17 19:00:00,147,125061.989063,5
2023-03-17 18:00:00,147,125061.959568,5
2023-03-17 17:00:00,147,125061.959568,5
2023-03-17 16:00:00,147,125061.946778,5
2023-03-17 15:00:00,147,125061.903043,5
2023-03-17 14:00:00,147,125061.879767,5
2023-03-17 13:00:00,147,125061.879767,5
2023-03-17 12:00:00,147,125061.874013,5
2023-03-17 11:00:00,147,125061.811235,5
2023-03-17 10:00:00,147,125053.74006,5
2023-03-17 09:00:00,147,125053.733235,5
2023-03-17 08:00:00,147,125053.673782,5
2023-03-17 07:00:00,147,125053.668032,5
2023-03-17 06:00:00,147,125053.662645,5
2023-03-17 05:00:00,147,125053.608331,5
2023-03-17 04:00:00,147,125052.62496,5
2023-03-17 03:00:00,147,125052.61921,5
2023-03-17 02:00:00,147,125052.61921,5
2023-03-17 01:00:00,147,125052.61921,5
2023-03-17 00:00:00,147,125077.442726,5
2023-03-16 23:00:00,147,125077.437169,5
2023-03-16 22:00:00,147,125077.431419,5
2023-03-16 21:00:00,147,125077.41733,5
2023-03-16 20:00:00,147,125077.401494,5
2023-03-16 19:00:00,147,125077.263332,5
2023-03-16 18:00:00,147,125077.138332,5
2023-03-16 17:00:00,147,125076.5128,5
2023-03-16 16:00:00,147,125076.50889,5
2023-03-16 15:00:00,147,125076.427811,5
2023-03-16 14:00:00,146,125076.259836,5
2023-03-16 13:00:00,145,125073.174568,5
2023-03-16 12:00:00,145,125073.163002,5
2023-03-16 11:00:00,145,125072.896988,5
2023-03-16 10:00:00,145,125072.851747,5
2023-03-16 09:00:00,145,125072.809725,5
2023-03-16 08:00:00,145,125072.808858,5
2023-03-16 07:00:00,145,125072.808858,5
2023-03-16 06:00:00,145,125072.808801,5
2023-03-16 05:00:00,145,125072.808801,5
2023-03-16 04:00:00,145,125072.80591,5
2023-03-16 03:00:00,145,125072.796466,5
2023-03-16 02:00:00,145,125043.796466,5
2023-03-16 01:00:00,145,125043.796466,5
2023-03-16 00:00:00,145,125043.78729,5
2023-03-15 23:00:00,145,125043.784399,5
2023-03-15 22:00:00,145,125043.776993,5
2023-03-15 21:00:00,145,125043.776993,5
2023-03-15 20:00:00,145,125043.709587,5
2023-03-15 19:00:00,145,125043.621871,5
2023-03-15 18:00:00,145,125042.358161,5
2023-03-15 17:00:00,145,125040.91933,5
2023-03-15 16:00:00,145,125040.849071,5
2023-03-15 15:00:00,145,125038.058617,5
2023-03-15 14:00:00,145,125035.748078,5
2023-03-15 13:00:00,145,125035.428962,5
2023-03-15 12:00:00,145,125035.428962,5
2023-03-15 11:00:00,145,125035.423181,5
2023-03-15 10:00:00,145,125034.135683,5
2023-03-15 09:00:00,145,125034.118341,5
2023-03-15 08:00:00,145,125034.118341,5
2023-03-15 07:00:00,145,125034.091172,5
2023-03-15 06:00:00,145,125022.606454,5
2023-03-15 05:00:00,140,125022.606454,5
2023-03-15 04:00:00,140,125022.461925,5
2023-03-15 03:00:00,140,125022.461925,5
2023-03-15 02:00:00,140,125022.047426,5
2023-03-15 01:00:00,140,125022.030083,5
2023-03-15 00:00:00,140,125022.030083,5
2023-03-14 23:00:00,140,125022.021412,5
2023-03-14 22:00:00,140,125022.021412,5
2023-03-14 21:00:00,140,125021.956088,5
2023-03-14 20:00:00,140,125021.775748,5
2023-03-14 19:00:00,140,125021.775748,5
2023-03-14 18:00:00,140,125021.660626,5
2023-03-14 17:00:00,141,125021.634613,5
2023-03-14 16:00:00,141,125021.507436,5
2023-03-14 15:00:00,141,125021.362602,5
2023-03-14 14:00:00,141,125021.362602,5
2023-03-14 13:00:00,141,125020.458678,5
2023-03-14 12:00:00,141,125020.458389,5
2023-03-14 11:00:00,141,125020.417372,5
2023-03-14 10:00:00,141,125020.381462,5
2023-03-14 09:00:00,141,125020.381462,5
2023-03-14 08:00:00,141,125020.306601,5
2023-03-14 07:00:00,141,125020.306601,5
2023-03-14 06:00:00,141,125020.306601,5
2023-03-14 05:00:00,141,124979.256843,5
2023-03-14 04:00:00,141,124979.256843,5
2023-03-14 03:00:00,141,124979.256843,5
2023-03-14 02:00:00,141,124978.975197,5
2023-03-14 01:00:00,141,124978.975197,5
2023-03-14 00:00:00,141,124978.962091,5
2023-03-13 23:00:00,141,124978.962091,5
2023-03-13 22:00:00,141,124978.829379,5
2023-03-13 21:00:00,141,124978.230481,5
2023-03-13 20:00:00,141,124977.645767,5
2023-03-13 19:00:00,141,124977.645767,5
2023-03-13 18:00:00,141,124977.645767,5
2023-03-13 17:00:00,141,124977.062189,5
2023-03-13 16:00:00,141,124966.584315,5
2023-03-13 15:00:00,141,124966.584315,5
2023-03-13 14:00:00,141,124966.584315,5
2023-03-13 13:00:00,141,124966.584315,5
2023-03-13 12:00:00,141,124966.558326,5
2023-03-13 11:00:00,141,124966.541001,5
2023-03-13 10:00:00,141,124966.541001,5
2023-03-13 09:00:00,141,124966.382259,5
2023-03-13 08:00:00,141,124966.382259,5
2023-03-13 07:00:00,141,124966.373241,5
2023-03-13 06:00:00,141,124966.367229,5
2023-03-13 05:00:00,141,124966.362219,5
2023-03-13 04:00:00,141,124966.247478,5
2023-03-13 03:00:00,141,124966.239364,5
2023-03-13 02:00:00,141,124966.089972,5
2023-03-13 01:00:00,141,124966.08593,5
2023-03-13 00:00:00,141,124965.896357,5
2023-03-12 23:00:00,141,124965.813716,5
2023-03-12 22:00:00,141,124965.813716,5
2023-03-12 21:00:00,141,124965.692534,5
2023-03-12 20:00:00,141,124965.692534,5
2023-03-12 19:00:00,141,124965.678128,5
2023-03-12 18:00:00,141,124965.678128,5
2023-03-12 17:00:00,141,124965.67461,5
2023-03-12 16:00:00,141,124965.620103,5
2023-03-12 15:00:00,141,124965.612711,5
2023-03-12 14:00:00,141,124965.473377,5
2023-03-12 13:00:00,141,124965.386752,5
2023-03-12 12:00:00,141,124965.386752,5
2023-03-12 11:00:00,141,124965.301298,5
2023-03-12 10:00:00,141,124965.292025,5
2023-03-12 09:00:00,141,124965.285096,5
2023-03-12 08:00:00,141,124965.091415,5
2023-03-12 07:00:00,141,124965.091415,5
2023-03-12 06:00:00,141,124965.084783,5
2023-03-12 05:00:00,141,124964.125643,5
2023-03-12 04:00:00,141,124964.125643,5
2023-03-12 03:00:00,141,124964.067321,5
2023-03-12 02:00:00,141,124964.067321,5
2023-03-12 01:00:00,141,124964.067321,5
2023-03-12 00:00:00,141,124964.061897,5
2023-03-11 23:00:00,141,124963.871341,5
2023-03-11 22:00:00,141,124963.571077,5
2023-03-11 21:00:00,141,124963.565303,5
2023-03-11 20:00:00,141,124963.565303,5
2023-03-11 19:00:00,141,124963.565303,5
2023-03-11 18:00:00,141,124963.565303,5
2023-03-11 17:00:00,141,124963.552023,5
2023-03-11 16:00:00,141,124963.552023,5
2023-03-11 15:00:00,141,124963.550829,5
2023-03-11 14:00:00,141,124963.489974,5
2023-03-11 13:00:00,141,124963.489974,5
2023-03-11 12:00:00,141,124963.489974,5
2023-03-11 11:00:00,141,124963.225303,5
2023-03-11 10:00:00,141,124963.126102,5
2023-03-11 09:00:00,141,124963.099489,5
2023-03-11 08:00:00,141,124963.093715,5
2023-03-11 07:00:00,141,124963.093715,5
2023-03-11 06:00:00,141,124963.082167,5
2023-03-11 05:00:00,141,124363.081706,5
2023-03-11 04:00:00,141,124363.081706,5
2023-03-11 03:00:00,141,124363.030894,5
2023-03-11 02:00:00,141,124363.030735,5
2023-03-11 01:00:00,141,124363.030735,5
2023-03-11 00:00:00,141,124363.030735,5
2023-03-10 23:00:00,141,124362.926224,5
2023-03-10 22:00:00,141,124362.746651,5
2023-03-10 21:00:00,141,124362.737951,5
2023-03-10 20:00:00,140,124362.728739,5
2023-03-10 19:00:00,140,124362.707499,5
2023-03-10 18:00:00,140,124362.705931,5
2023-03-10 17:00:00,140,124362.116124,5
2023-03-10 16:00:00,140,124362.101691,5
2023-03-10 15:00:00,140,124362.101691,5
2023-03-10 14:00:00,140,124362.082639,5
2023-03-10 13:00:00,140,124361.914422,5
2023-03-10 12:00:00,140,124361.74293,5
2023-03-10 11:00:00,140,124361.742353,5
2023-03-10 10:00:00,140,124361.082639,5
2023-03-10 09:00:00,140,124361.079295,5
2023-03-10 08:00:00,140,124361.079295,5
2023-03-10 07:00:00,140,124361.077191,5
2023-03-10 06:00:00,140,124361.077191,5
2023-03-10 05:00:00,140,124361.069683,5
2023-03-10 04:00:00,140,124361.069683,5
2023-03-10 03:00:00,140,124361.069683,5
2023-03-10 02:00:00,140,124361.056695,5
2023-03-10 01:00:00,140,124361.056695,5
2023-03-10 00:00:00,140,124361.056695,5
2023-03-09 23:00:00,140,124361.056695,5
2023-03-09 22:00:00,140,124360.920422,5
2023-03-09 21:00:00,140,124360.878012,5
2023-03-09 20:00:00,140,124360.837691,5
2023-03-09 19:00:00,140,124360.775683,5
2023-03-09 18:00:00,140,124360.174705,5
2023-03-09 17:00:00,140,124360.174705,5
2023-03-09 16:00:00,140,124360.174705,5
2023-03-09 15:00:00,140,124360.082829,5
2023-03-09 14:00:00,140,124360.082829,5
2023-03-09 13:00:00,140,124360.082113,5
2023-03-09 12:00:00,140,124360.065372,5
2023-03-09 11:00:00,140,124360.065372,5
2023-03-09 10:00:00,140,124360.000715,5
2023-03-09 09:00:00,140,124359.958519,5
2023-03-09 08:00:00,140,124359.958316,5
2023-03-09 07:00:00,140,124359.372909,5
2023-03-09 06:00:00,140,124358.795659,5
